1e-11  1e-11  1e-11
1e-11  1e-11  2.0000079999999997e-06
1e-11  1e-11  4.0000059999999996e-06
1e-11  1e-11  6.000004e-06
1e-11  1e-11  8.000002e-06
1e-11  1e-11  1e-05
1e-11  2.0000079999999997e-06  1e-11
1e-11  2.0000079999999997e-06  2.0000079999999997e-06
1e-11  2.0000079999999997e-06  4.0000059999999996e-06
1e-11  2.0000079999999997e-06  6.000004e-06
1e-11  2.0000079999999997e-06  8.000002e-06
1e-11  2.0000079999999997e-06  1e-05
1e-11  4.0000059999999996e-06  1e-11
1e-11  4.0000059999999996e-06  2.0000079999999997e-06
1e-11  4.0000059999999996e-06  4.0000059999999996e-06
1e-11  4.0000059999999996e-06  6.000004e-06
1e-11  4.0000059999999996e-06  8.000002e-06
1e-11  4.0000059999999996e-06  1e-05
1e-11  6.000004e-06  1e-11
1e-11  6.000004e-06  2.0000079999999997e-06
1e-11  6.000004e-06  4.0000059999999996e-06
1e-11  6.000004e-06  6.000004e-06
1e-11  6.000004e-06  8.000002e-06
1e-11  6.000004e-06  1e-05
1e-11  8.000002e-06  1e-11
1e-11  8.000002e-06  2.0000079999999997e-06
1e-11  8.000002e-06  4.0000059999999996e-06
1e-11  8.000002e-06  6.000004e-06
1e-11  8.000002e-06  8.000002e-06
1e-11  8.000002e-06  1e-05
1e-11  1e-05  1e-11
1e-11  1e-05  2.0000079999999997e-06
1e-11  1e-05  4.0000059999999996e-06
1e-11  1e-05  6.000004e-06
1e-11  1e-05  8.000002e-06
1e-11  1e-05  1e-05
2.0000079999999997e-06  1e-11  1e-11
2.0000079999999997e-06  1e-11  2.0000079999999997e-06
2.0000079999999997e-06  1e-11  4.0000059999999996e-06
2.0000079999999997e-06  1e-11  6.000004e-06
2.0000079999999997e-06  1e-11  8.000002e-06
2.0000079999999997e-06  1e-11  1e-05
2.0000079999999997e-06  2.0000079999999997e-06  1e-11
2.0000079999999997e-06  2.0000079999999997e-06  2.0000079999999997e-06
2.0000079999999997e-06  2.0000079999999997e-06  4.0000059999999996e-06
2.0000079999999997e-06  2.0000079999999997e-06  6.000004e-06
2.0000079999999997e-06  2.0000079999999997e-06  8.000002e-06
2.0000079999999997e-06  2.0000079999999997e-06  1e-05
2.0000079999999997e-06  4.0000059999999996e-06  1e-11
2.0000079999999997e-06  4.0000059999999996e-06  2.0000079999999997e-06
2.0000079999999997e-06  4.0000059999999996e-06  4.0000059999999996e-06
2.0000079999999997e-06  4.0000059999999996e-06  6.000004e-06
2.0000079999999997e-06  4.0000059999999996e-06  8.000002e-06
2.0000079999999997e-06  4.0000059999999996e-06  1e-05
2.0000079999999997e-06  6.000004e-06  1e-11
2.0000079999999997e-06  6.000004e-06  2.0000079999999997e-06
2.0000079999999997e-06  6.000004e-06  4.0000059999999996e-06
2.0000079999999997e-06  6.000004e-06  6.000004e-06
2.0000079999999997e-06  6.000004e-06  8.000002e-06
2.0000079999999997e-06  6.000004e-06  1e-05
2.0000079999999997e-06  8.000002e-06  1e-11
2.0000079999999997e-06  8.000002e-06  2.0000079999999997e-06
2.0000079999999997e-06  8.000002e-06  4.0000059999999996e-06
2.0000079999999997e-06  8.000002e-06  6.000004e-06
2.0000079999999997e-06  8.000002e-06  8.000002e-06
2.0000079999999997e-06  8.000002e-06  1e-05
2.0000079999999997e-06  1e-05  1e-11
2.0000079999999997e-06  1e-05  2.0000079999999997e-06
2.0000079999999997e-06  1e-05  4.0000059999999996e-06
2.0000079999999997e-06  1e-05  6.000004e-06
2.0000079999999997e-06  1e-05  8.000002e-06
2.0000079999999997e-06  1e-05  1e-05
4.0000059999999996e-06  1e-11  1e-11
4.0000059999999996e-06  1e-11  2.0000079999999997e-06
4.0000059999999996e-06  1e-11  4.0000059999999996e-06
4.0000059999999996e-06  1e-11  6.000004e-06
4.0000059999999996e-06  1e-11  8.000002e-06
4.0000059999999996e-06  1e-11  1e-05
4.0000059999999996e-06  2.0000079999999997e-06  1e-11
4.0000059999999996e-06  2.0000079999999997e-06  2.0000079999999997e-06
4.0000059999999996e-06  2.0000079999999997e-06  4.0000059999999996e-06
4.0000059999999996e-06  2.0000079999999997e-06  6.000004e-06
4.0000059999999996e-06  2.0000079999999997e-06  8.000002e-06
4.0000059999999996e-06  2.0000079999999997e-06  1e-05
4.0000059999999996e-06  4.0000059999999996e-06  1e-11
4.0000059999999996e-06  4.0000059999999996e-06  2.0000079999999997e-06
4.0000059999999996e-06  4.0000059999999996e-06  4.0000059999999996e-06
4.0000059999999996e-06  4.0000059999999996e-06  6.000004e-06
4.0000059999999996e-06  4.0000059999999996e-06  8.000002e-06
4.0000059999999996e-06  4.0000059999999996e-06  1e-05
4.0000059999999996e-06  6.000004e-06  1e-11
4.0000059999999996e-06  6.000004e-06  2.0000079999999997e-06
4.0000059999999996e-06  6.000004e-06  4.0000059999999996e-06
4.0000059999999996e-06  6.000004e-06  6.000004e-06
4.0000059999999996e-06  6.000004e-06  8.000002e-06
4.0000059999999996e-06  6.000004e-06  1e-05
4.0000059999999996e-06  8.000002e-06  1e-11
4.0000059999999996e-06  8.000002e-06  2.0000079999999997e-06
4.0000059999999996e-06  8.000002e-06  4.0000059999999996e-06
4.0000059999999996e-06  8.000002e-06  6.000004e-06
4.0000059999999996e-06  8.000002e-06  8.000002e-06
4.0000059999999996e-06  8.000002e-06  1e-05
4.0000059999999996e-06  1e-05  1e-11
4.0000059999999996e-06  1e-05  2.0000079999999997e-06
4.0000059999999996e-06  1e-05  4.0000059999999996e-06
4.0000059999999996e-06  1e-05  6.000004e-06
4.0000059999999996e-06  1e-05  8.000002e-06
4.0000059999999996e-06  1e-05  1e-05
6.000004e-06  1e-11  1e-11
6.000004e-06  1e-11  2.0000079999999997e-06
6.000004e-06  1e-11  4.0000059999999996e-06
6.000004e-06  1e-11  6.000004e-06
6.000004e-06  1e-11  8.000002e-06
6.000004e-06  1e-11  1e-05
6.000004e-06  2.0000079999999997e-06  1e-11
6.000004e-06  2.0000079999999997e-06  2.0000079999999997e-06
6.000004e-06  2.0000079999999997e-06  4.0000059999999996e-06
6.000004e-06  2.0000079999999997e-06  6.000004e-06
6.000004e-06  2.0000079999999997e-06  8.000002e-06
6.000004e-06  2.0000079999999997e-06  1e-05
6.000004e-06  4.0000059999999996e-06  1e-11
6.000004e-06  4.0000059999999996e-06  2.0000079999999997e-06
6.000004e-06  4.0000059999999996e-06  4.0000059999999996e-06
6.000004e-06  4.0000059999999996e-06  6.000004e-06
6.000004e-06  4.0000059999999996e-06  8.000002e-06
6.000004e-06  4.0000059999999996e-06  1e-05
6.000004e-06  6.000004e-06  1e-11
6.000004e-06  6.000004e-06  2.0000079999999997e-06
6.000004e-06  6.000004e-06  4.0000059999999996e-06
6.000004e-06  6.000004e-06  6.000004e-06
6.000004e-06  6.000004e-06  8.000002e-06
6.000004e-06  6.000004e-06  1e-05
6.000004e-06  8.000002e-06  1e-11
6.000004e-06  8.000002e-06  2.0000079999999997e-06
6.000004e-06  8.000002e-06  4.0000059999999996e-06
6.000004e-06  8.000002e-06  6.000004e-06
6.000004e-06  8.000002e-06  8.000002e-06
6.000004e-06  8.000002e-06  1e-05
6.000004e-06  1e-05  1e-11
6.000004e-06  1e-05  2.0000079999999997e-06
6.000004e-06  1e-05  4.0000059999999996e-06
6.000004e-06  1e-05  6.000004e-06
6.000004e-06  1e-05  8.000002e-06
6.000004e-06  1e-05  1e-05
8.000002e-06  1e-11  1e-11
8.000002e-06  1e-11  2.0000079999999997e-06
8.000002e-06  1e-11  4.0000059999999996e-06
8.000002e-06  1e-11  6.000004e-06
8.000002e-06  1e-11  8.000002e-06
8.000002e-06  1e-11  1e-05
8.000002e-06  2.0000079999999997e-06  1e-11
8.000002e-06  2.0000079999999997e-06  2.0000079999999997e-06
8.000002e-06  2.0000079999999997e-06  4.0000059999999996e-06
8.000002e-06  2.0000079999999997e-06  6.000004e-06
8.000002e-06  2.0000079999999997e-06  8.000002e-06
8.000002e-06  2.0000079999999997e-06  1e-05
8.000002e-06  4.0000059999999996e-06  1e-11
8.000002e-06  4.0000059999999996e-06  2.0000079999999997e-06
8.000002e-06  4.0000059999999996e-06  4.0000059999999996e-06
8.000002e-06  4.0000059999999996e-06  6.000004e-06
8.000002e-06  4.0000059999999996e-06  8.000002e-06
8.000002e-06  4.0000059999999996e-06  1e-05
8.000002e-06  6.000004e-06  1e-11
8.000002e-06  6.000004e-06  2.0000079999999997e-06
8.000002e-06  6.000004e-06  4.0000059999999996e-06
8.000002e-06  6.000004e-06  6.000004e-06
8.000002e-06  6.000004e-06  8.000002e-06
8.000002e-06  6.000004e-06  1e-05
8.000002e-06  8.000002e-06  1e-11
8.000002e-06  8.000002e-06  2.0000079999999997e-06
8.000002e-06  8.000002e-06  4.0000059999999996e-06
8.000002e-06  8.000002e-06  6.000004e-06
8.000002e-06  8.000002e-06  8.000002e-06
8.000002e-06  8.000002e-06  1e-05
8.000002e-06  1e-05  1e-11
8.000002e-06  1e-05  2.0000079999999997e-06
8.000002e-06  1e-05  4.0000059999999996e-06
8.000002e-06  1e-05  6.000004e-06
8.000002e-06  1e-05  8.000002e-06
8.000002e-06  1e-05  1e-05
1e-05  1e-11  1e-11
1e-05  1e-11  2.0000079999999997e-06
1e-05  1e-11  4.0000059999999996e-06
1e-05  1e-11  6.000004e-06
1e-05  1e-11  8.000002e-06
1e-05  1e-11  1e-05
1e-05  2.0000079999999997e-06  1e-11
1e-05  2.0000079999999997e-06  2.0000079999999997e-06
1e-05  2.0000079999999997e-06  4.0000059999999996e-06
1e-05  2.0000079999999997e-06  6.000004e-06
1e-05  2.0000079999999997e-06  8.000002e-06
1e-05  2.0000079999999997e-06  1e-05
1e-05  4.0000059999999996e-06  1e-11
1e-05  4.0000059999999996e-06  2.0000079999999997e-06
1e-05  4.0000059999999996e-06  4.0000059999999996e-06
1e-05  4.0000059999999996e-06  6.000004e-06
1e-05  4.0000059999999996e-06  8.000002e-06
1e-05  4.0000059999999996e-06  1e-05
1e-05  6.000004e-06  1e-11
1e-05  6.000004e-06  2.0000079999999997e-06
1e-05  6.000004e-06  4.0000059999999996e-06
1e-05  6.000004e-06  6.000004e-06
1e-05  6.000004e-06  8.000002e-06
1e-05  6.000004e-06  1e-05
1e-05  8.000002e-06  1e-11
1e-05  8.000002e-06  2.0000079999999997e-06
1e-05  8.000002e-06  4.0000059999999996e-06
1e-05  8.000002e-06  6.000004e-06
1e-05  8.000002e-06  8.000002e-06
1e-05  8.000002e-06  1e-05
1e-05  1e-05  1e-11
1e-05  1e-05  2.0000079999999997e-06
1e-05  1e-05  4.0000059999999996e-06
1e-05  1e-05  6.000004e-06
1e-05  1e-05  8.000002e-06
1e-05  1e-05  1e-05
