 sinkhole_Trim0026-03-17_01:00:00   1.0000000000000000        5.5652866712101179E-007   1.1208454855688556E-002
 sinkhole_Trim0026-03-21_01:00:00   1.0000000000000000        3.3464472096178532E-009   1.1260348578166853E-002
 sinkhole_Trim0026-03-24_01:00:00   1.0000000000000000        6.9395480230272089E-009   1.1287800993214640E-002
 sinkhole_Trim0026-03-25_01:00:00   1.0000000000000000        1.6799545655057230E-006   1.1289688964170565E-002
 sinkhole_Trim0026-03-26_01:00:00   1.0000000000000000        2.6978206092518470E-006   1.1289484279774230E-002
 sinkhole_Trim0026-03-27_01:00:00   1.0000000000000000        4.2743850557913632E-006   1.1284717631639955E-002
 sinkhole_Trim0026-03-28_01:00:00   1.0000000000000000        5.0836673832731216E-006   1.1280576969632954E-002
 sinkhole_Trim0026-03-29_01:00:00   1.0000000000000000        1.0607991244582227E-006   1.1135597583411283E-002
 sinkhole_Trim0026-03-29_01:00:00   1.0000000000000000        7.2283674093509553E-006   1.1269146051618861E-002
 sinkhole_Trim0026-03-30_01:00:00   1.0000000000000000        1.4960685822650033E-007   1.1140990112566768E-002
 sinkhole_Trim0026-03-30_01:00:00   1.0000000000000000        7.5106859687701366E-006   1.1262692441226447E-002
 sinkhole_Trim0026-03-31_01:00:00   1.0000000000000000        7.8241303799950201E-006   1.1258921794001795E-002
 sinkhole_Trim0026-04-01_01:00:00   1.0000000000000000        8.4684780173541890E-006   1.1253821823764977E-002
 sinkhole_Trim0026-04-03_01:00:00   1.0000000000000000        2.6306682050433738E-007   1.1140155265010217E-002
 sinkhole_Trim0026-04-03_01:00:00   1.0000000000000000        1.0944906956274550E-005   1.1228478284092201E-002
 sinkhole_Trim0026-04-04_01:00:00   1.0000000000000000        7.5297788018624523E-008   1.1140036777767089E-002
 sinkhole_Trim0026-04-04_01:00:00   1.0000000000000000        1.1363803143364659E-005   1.1221235252127692E-002
 sinkhole_Trim0026-04-05_01:00:00   1.0000000000000000        1.0783164071385271E-005   1.1220604097434412E-002
 sinkhole_Trim0026-04-06_01:00:00   1.0000000000000000        9.1709561159687009E-006   1.1227716766006163E-002
 sinkhole_Trim0026-04-07_01:00:00   1.0000000000000000        8.9509373012632704E-006   1.1231571556625826E-002
 sinkhole_Trim0026-04-08_01:00:00   1.0000000000000000        7.6414350262590108E-006   1.1238416442220362E-002
 sinkhole_Trim0026-04-09_01:00:00   1.0000000000000000        6.0342179075741770E-006   1.1249366933878952E-002
 sinkhole_Trim0026-04-10_01:00:00   1.0000000000000000        5.4872845660705605E-006   1.1258098984697280E-002
 sinkhole_Trim0026-04-11_01:00:00   1.0000000000000000        5.0775445516668127E-006   1.1265233560382920E-002
 sinkhole_Trim0026-04-13_01:00:00   1.0000000000000000        5.3581869260688197E-006   1.1261365323604056E-002
 sinkhole_Trim0026-04-14_01:00:00   1.0000000000000000        5.6546435148602248E-006   1.1266315361309525E-002
 sinkhole_Trim0026-04-17_01:00:00   1.0000000000000000        6.5812398210487316E-006   1.1246819943892233E-002
 sinkhole_Trim0026-04-18_01:00:00   1.0000000000000000        7.2026339888158625E-006   1.1249466310539467E-002
 sinkhole_Trim0026-04-19_01:00:00   1.0000000000000000        7.9010547729789493E-006   1.1247481669564486E-002
 sinkhole_Trim0026-04-20_01:00:00   1.0000000000000000        6.2227722403343511E-006   1.1255231617306892E-002
 sinkhole_Trim0026-04-21_01:00:00   1.0000000000000000        5.0908538958196331E-006   1.1266580721567320E-002
 sinkhole_Trim0026-04-22_01:00:00   1.0000000000000000        4.9148883299234697E-006   1.1275450568727195E-002
 sinkhole_Trim0026-04-23_01:00:00   1.0000000000000000        5.1505452708256599E-006   1.1280723543229213E-002
 sinkhole_Trim0026-04-24_01:00:00   1.0000000000000000        5.5906152498647055E-006   1.1282466438639187E-002
 sinkhole_Trim0026-04-25_01:00:00   1.0000000000000000        5.6601507156407022E-006   1.1284009972924419E-002
 sinkhole_Trim0026-04-26_01:00:00   1.0000000000000000        5.8681207075732961E-006   1.1284622242768423E-002
 sinkhole_Trim0026-04-27_01:00:00   1.0000000000000000        9.2184739857933962E-007   1.1123936701320145E-002
 sinkhole_Trim0026-04-27_01:00:00   1.0000000000000000        7.9588249933884581E-006   1.1274136544819563E-002
 sinkhole_Trim0026-04-28_01:00:00   1.0000000000000000        6.4066931431110835E-006   1.1275806579933391E-002
 sinkhole_Trim0026-04-29_01:00:00   1.0000000000000000        6.0332472360639933E-006   1.1278628880775214E-002
 sinkhole_Trim0026-04-30_01:00:00   1.0000000000000000        5.1430916017704276E-006   1.1284925897072372E-002
 sinkhole_Trim0026-05-01_01:00:00   1.0000000000000000        5.2807324305952086E-006   1.1288211283682599E-002
 sinkhole_Trim0026-05-02_01:00:00   1.0000000000000000        5.5947815476298235E-006   1.1288626435557225E-002
 sinkhole_Trim0026-05-03_01:00:00   1.0000000000000000        6.1896370482910495E-006   1.1285474357199119E-002
 sinkhole_Trim0026-05-04_01:00:00   1.0000000000000000        5.9660010954566689E-007   1.1121200704319515E-002
 sinkhole_Trim0026-05-04_01:00:00   1.0000000000000000        7.4519342803773536E-006   1.1276167681613042E-002
 sinkhole_Trim0026-05-05_01:00:00   1.0000000000000000        6.3951951101287596E-006   1.1275084790075742E-002
 sinkhole_Trim0026-05-07_01:00:00   1.0000000000000000        8.0990808037501028E-006   1.1257845672021850E-002
 sinkhole_Trim0026-05-08_01:00:00   1.0000000000000000        6.5287090160025957E-006   1.1265506850395884E-002
 sinkhole_Trim0026-05-09_01:00:00   1.0000000000000000        6.3158408568179947E-006   1.1271675656186489E-002
 sinkhole_Trim0026-05-10_01:00:00   1.0000000000000000        5.6329901556868150E-006   1.1279623870519914E-002
 sinkhole_Trim0026-05-11_01:00:00   1.0000000000000000        6.1631901830620089E-006   1.1282450487263024E-002
 sinkhole_Trim0026-05-12_01:00:00   1.0000000000000000        7.2038605926291743E-006   1.1279077753389608E-002
 sinkhole_Trim0026-05-13_01:00:00   1.0000000000000000        7.5233819571227795E-006   1.1275233442207508E-002
 sinkhole_Trim0026-05-14_01:00:00   1.0000000000000000        5.7521156759769709E-006   1.1282179837436632E-002
 sinkhole_Trim0026-05-15_01:00:00   1.0000000000000000        5.1387839354773146E-006   1.1289934707324421E-002
 sinkhole_Trim0026-05-16_01:00:00   1.0000000000000000        4.7595369696267625E-006   1.1297130365597489E-002
 sinkhole_Trim0026-05-17_01:00:00   1.0000000000000000        5.8866607410956034E-006   1.1295872628629479E-002
 sinkhole_Trim0026-05-18_01:00:00   1.0000000000000000        3.0992330901508103E-006   1.1309797883449275E-002
 sinkhole_Trim0026-05-19_01:00:00   1.0000000000000000        9.5828239864148568E-007   1.1330533261892315E-002
 sinkhole_Trim0026-09-03_01:00:00   1.0000000000000000        1.5160104927490481E-007   1.1066712772355408E-002
 sinkhole_Trim0027-03-30_01:00:00   1.0000000000000000        5.8263249991773181E-007   1.2674060286473530E-002
 sinkhole_Trim0027-03-31_01:00:00   1.0000000000000000        5.2183322927883136E-007   1.2830734138020192E-002
 sinkhole_Trim0027-04-01_01:00:00   1.0000000000000000        2.4762043998594052E-008   1.2994001288120985E-002
 sinkhole_Trim0027-04-14_01:00:00   1.0000000000000000        3.7941771827837423E-007   1.5344581991199461E-002
 sinkhole_Trim0027-04-15_01:00:00   1.0000000000000000        4.7333483839742674E-007   1.5539667925760899E-002
 sinkhole_Trim0027-04-20_01:00:00   1.0000000000000000        3.1723416502385526E-007   1.6546972898022431E-002
 sinkhole_Trim0027-04-26_01:00:00   1.0000000000000000        3.3101590284773108E-007   1.7788035319957835E-002
 sinkhole_Trim0027-04-27_01:00:00   1.0000000000000000        2.9235542379352220E-007   1.7997864136343720E-002
 sinkhole_Trim0027-05-03_01:00:00   1.0000000000000000        2.3786154205659993E-007   1.9268994755184947E-002
 sinkhole_Trim0027-05-10_01:00:00   1.0000000000000000        2.9005219968902818E-008   2.0771786554416468E-002
 sinkhole_Trim0027-05-24_01:00:00   1.0000000000000000        3.5135615916032092E-007   2.3471063571258246E-002
 sinkhole_Trim0027-05-25_01:00:00   1.0000000000000000        1.5922206415483475E-007   2.3634839398095606E-002
 sinkhole_Trim0028-03-03_01:00:00   1.0000000000000000        1.7435017058281543E-006   3.4787664927491954E-002
 sinkhole_Trim0028-03-07_01:00:00   1.0000000000000000        1.9205252356699343E-006   3.4966305141942024E-002
 sinkhole_Trim0028-03-11_01:00:00   1.0000000000000000        1.7089613389004166E-006   3.5271412384548770E-002
 sinkhole_Trim0028-03-12_01:00:00   1.0000000000000000        3.3017637060539506E-007   3.5374243357489579E-002
 sinkhole_Trim0028-03-13_01:00:00   1.0000000000000000        1.6611119781767547E-007   3.5467994924880480E-002
 sinkhole_Trim0028-03-16_01:00:00   1.0000000000000000        1.1056952727017677E-006   3.5796937450637299E-002
